Jogo 00:  01 08 09 12 13 16 21 24 32 33 50 51 53 54 59 
Jogo 01:  04 08 10 13 14 16 20 27 38 39 44 50 53 56 58 
Jogo 02:  03 08 10 16 18 20 25 29 36 37 39 48 53 55 57 
Jogo 03:  01 06 08 11 18 20 23 30 31 37 42 52 53 55 58 
Jogo 04:  01 02 05 08 15 21 24 26 33 36 38 39 42 45 53 
Jogo 05:  03 05 06 14 19 24 28 30 33 36 39 40 43 45 51 
Jogo 06:  01 04 07 11 17 20 23 29 40 47 49 50 52 56 60 
Jogo 07:  04 05 06 09 16 20 25 29 32 35 43 49 51 52 58 
Jogo 08:  01 03 11 17 18 19 25 27 33 39 47 49 52 54 60 
Jogo 09:  02 12 14 15 19 20 23 26 31 32 41 47 49 52 58 
Jogo 10:  04 09 18 19 20 21 22 27 32 36 43 50 51 55 59 
Jogo 11:  03 04 06 15 16 17 21 26 36 46 50 52 55 58 59 
Jogo 12:  04 07 08 15 17 19 26 30 40 42 44 47 54 56 57 
Jogo 13:  03 06 10 15 19 21 25 26 32 34 36 40 48 49 53 
Jogo 14:  04 09 10 13 19 20 29 30 39 44 47 48 53 54 55 
Jogo 15:  02 03 08 09 20 24 26 30 39 41 42 46 47 52 57 
Jogo 16:  02 07 08 13 17 18 21 25 36 42 43 46 53 54 57 
Jogo 17:  07 12 15 20 24 25 27 30 36 37 40 43 49 50 54 
Jogo 18:  02 05 13 14 16 22 29 30 31 34 38 47 48 52 58 
Jogo 19:  01 02 05 09 12 13 21 22 31 32 33 35 40 44 54 
Jogo 20:  03 06 14 20 21 22 26 30 34 37 46 49 52 54 57 
Jogo 21:  07 09 12 14 15 16 20 24 34 35 38 39 53 54 55 
Jogo 22:  03 11 12 19 20 21 25 28 37 40 44 46 51 56 60 
Jogo 23:  03 04 07 11 13 14 22 28 37 38 43 44 46 47 55 
Jogo 24:  05 06 07 09 16 25 26 27 31 32 37 39 40 41 55 
Jogo 25:  01 04 09 10 14 16 21 24 32 33 34 35 44 55 57 
Jogo 26:  02 03 06 08 10 12 23 30 38 46 49 51 57 58 59 
Jogo 27:  05 06 14 17 19 22 23 26 33 43 45 47 48 54 56 
Jogo 28:  01 09 10 15 17 18 22 30 31 40 45 52 56 57 60 
Jogo 29:  05 11 12 21 22 24 25 27 32 35 39 40 46 55 58 
Jogo 30:  03 05 09 11 12 13 26 27 31 33 37 38 42 57 60 
Jogo 31:  01 02 06 07 09 11 14 28 35 37 38 51 56 58 59 
Jogo 32:  03 05 09 12 15 17 28 29 31 35 37 44 46 56 59 
Jogo 33:  08 10 11 14 18 23 25 27 37 38 39 41 50 51 55 
Jogo 34:  04 06 07 10 11 13 18 22 33 39 41 47 50 52 54 
Jogo 35:  01 02 05 09 20 26 27 29 36 37 38 39 46 51 53 
Jogo 36:  06 10 11 14 17 20 23 29 32 37 40 41 43 45 47 
Jogo 37:  03 04 05 07 10 12 14 19 33 34 40 41 52 56 59 
Jogo 38:  02 09 10 20 21 28 29 30 32 35 42 45 48 49 55 
Jogo 39:  01 02 04 14 16 18 23 28 31 36 40 42 46 48 53 
Jogo 40:  09 10 14 21 22 24 26 30 32 33 37 46 47 57 58 
Jogo 41:  01 09 12 14 17 18 25 28 31 32 33 36 38 54 59 
Jogo 42:  01 15 16 17 19 24 27 30 35 40 43 44 45 46 47 
Jogo 43:  02 05 07 11 13 17 18 26 33 36 39 41 42 49 53 
Jogo 44:  01 09 10 12 20 24 25 28 34 43 45 46 50 52 54 
Jogo 45:  02 04 07 09 12 13 18 21 32 34 36 38 43 51 52 
Jogo 46:  02 06 10 16 17 18 28 29 38 39 41 43 44 45 46 
Jogo 47:  05 11 16 18 19 23 26 27 32 38 45 49 52 59 60 
Jogo 48:  03 04 05 06 22 24 26 28 36 39 40 42 50 52 56 
Jogo 49:  02 06 09 16 18 19 25 29 36 38 41 45 52 53 59 
Jogo 50:  02 03 05 08 09 11 12 30 36 42 44 52 57 59 60 
Jogo 51:  08 11 15 16 19 21 26 30 31 35 37 40 41 49 57 
Jogo 52:  05 07 09 18 20 22 23 28 31 35 45 50 54 57 60 
Jogo 53:  01 02 18 20 21 25 27 30 34 37 42 46 47 55 59 
Jogo 54:  01 02 08 13 18 19 20 24 31 35 38 39 42 50 57 
Jogo 55:  08 10 17 20 22 23 25 30 38 41 45 53 55 57 59 
Jogo 56:  01 02 07 09 10 11 14 25 32 34 35 43 52 57 58 
Jogo 57:  06 07 08 09 14 20 24 26 32 35 38 42 47 54 55 
Jogo 58:  05 06 08 12 14 19 24 30 32 35 49 50 52 54 60 
Jogo 59:  06 07 08 10 13 16 26 28 31 33 45 48 49 50 58 
Jogo 60:  04 05 06 14 17 19 26 29 33 42 44 45 51 53 55 
Jogo 61:  03 12 15 16 17 24 27 29 36 39 49 50 52 54 55 
Jogo 62:  03 06 08 19 21 26 27 29 31 32 42 44 49 50 56 
Jogo 63:  03 05 06 16 18 20 21 22 42 43 46 48 52 56 58 
Jogo 64:  03 05 18 21 22 24 26 30 36 40 41 46 50 58 60 
Jogo 65:  05 07 09 21 23 26 27 30 35 39 43 45 47 51 58 
Jogo 66:  07 08 11 12 13 15 19 24 36 41 46 48 52 53 58 
Jogo 67:  01 02 03 05 08 12 19 24 32 33 36 37 51 55 59 
Jogo 68:  05 09 13 14 20 23 26 29 31 33 36 41 48 49 56 
Jogo 69:  01 02 03 13 17 21 28 30 34 36 45 48 53 58 60 
Jogo 70:  06 07 08 12 22 25 29 30 33 35 38 47 51 56 59 
Jogo 71:  04 07 08 11 19 20 21 29 36 37 39 45 48 52 58 
Jogo 72:  05 07 10 17 18 20 21 26 34 35 42 44 45 49 58 
Jogo 73:  02 04 05 08 09 21 23 28 32 33 36 49 51 58 60 
Jogo 74:  02 06 10 15 18 25 29 30 34 37 38 40 44 48 60 
Jogo 75:  05 07 08 18 19 23 26 27 33 44 46 52 54 56 58 
Jogo 76:  06 12 20 21 24 25 28 29 32 34 38 43 51 57 59 
Jogo 77:  02 08 16 20 21 25 28 29 31 37 41 49 50 53 55 
Jogo 78:  19 21 22 24 27 28 29 30 31 33 44 48 49 54 59 
Jogo 79:  03 08 12 13 16 18 21 26 34 39 44 47 52 53 57 
Jogo 80:  01 03 09 15 20 21 23 27 32 33 37 38 39 49 54 
Jogo 81:  02 04 08 09 14 20 25 29 38 42 43 48 53 56 59 
Jogo 82:  04 06 07 13 16 18 21 25 33 34 37 40 41 48 51 
Jogo 83:  04 09 12 15 20 23 24 26 31 34 36 42 45 52 59 
Jogo 84:  04 06 10 11 13 15 24 28 31 37 44 49 55 57 59 
Jogo 85:  01 04 12 14 15 16 23 24 33 35 38 42 47 52 57 
Jogo 86:  06 08 09 17 19 23 27 29 32 36 41 49 51 52 55 
Jogo 87:  01 09 13 18 19 21 27 29 31 39 41 44 46 55 59 
Jogo 88:  01 07 09 10 11 14 21 23 32 35 42 43 47 48 56 
Jogo 89:  10 11 15 16 17 18 19 26 32 34 38 41 54 55 57 
Jogo 90:  03 04 08 09 16 18 22 23 32 35 37 43 47 51 57 
Jogo 91:  09 11 13 14 15 20 26 30 34 36 37 42 46 50 54 
Jogo 92:  04 05 07 14 15 19 25 27 36 37 40 45 49 53 60 
Jogo 93:  02 07 08 14 15 24 28 30 31 36 41 42 45 48 56 
Jogo 94:  06 08 11 16 19 22 27 29 37 47 48 52 55 58 59 
Jogo 95:  04 06 12 21 25 26 29 30 34 41 42 47 48 52 58 
Jogo 96:  01 02 03 04 05 14 23 30 36 40 41 44 46 54 59 
Jogo 97:  05 08 09 19 20 24 26 28 32 42 45 46 47 49 60 
Jogo 98:  02 09 13 15 17 19 23 27 31 32 36 47 49 51 52 
Jogo 99:  04 05 09 11 13 15 22 24 32 38 39 40 42 43 54 
Jogo 100:  05 07 10 11 14 20 26 29 31 34 35 37 49 51 54 
Jogo 101:  01 05 07 13 14 16 20 30 45 46 55 56 57 58 59 
Jogo 102:  10 13 14 16 19 21 23 30 32 40 41 42 43 46 59 
Jogo 103:  05 16 17 18 21 22 24 28 31 32 34 36 39 44 48 
Jogo 104:  01 03 04 10 11 14 17 26 37 38 53 55 57 58 60 
Jogo 105:  02 03 09 10 17 18 25 29 34 38 41 42 50 54 56 
Jogo 106:  03 09 14 15 16 17 21 29 31 37 38 50 56 58 59 
Jogo 107:  01 04 08 09 13 17 19 23 39 42 45 47 48 51 53 
Jogo 108:  02 05 16 17 18 19 20 28 37 38 39 47 51 57 59 
Jogo 109:  01 11 12 13 15 18 25 30 32 35 44 47 49 52 56 
Jogo 110:  01 04 07 08 13 20 21 27 36 37 39 50 55 56 60 
Jogo 111:  09 11 13 21 22 24 25 30 37 39 41 42 50 53 59 
Jogo 112:  03 07 08 10 16 19 22 29 39 42 47 48 50 53 58 
Jogo 113:  02 04 08 13 14 17 18 21 31 32 45 46 53 56 58 
Jogo 114:  08 10 11 14 17 22 24 28 34 35 37 38 39 41 59 
Jogo 115:  09 18 19 20 25 27 29 30 36 38 40 43 46 50 55 
Jogo 116:  09 13 16 17 19 20 23 28 34 36 39 46 51 55 56 
Jogo 117:  01 13 15 18 19 20 24 25 31 32 35 37 45 52 58 
Jogo 118:  06 08 11 16 20 23 24 28 32 38 45 49 50 51 55 
Jogo 119:  02 07 11 15 19 27 28 30 32 34 36 52 55 56 60 
Jogo 120:  01 05 06 13 15 17 19 30 39 41 46 53 56 57 59 
Jogo 121:  01 03 06 13 17 24 25 30 32 35 38 57 58 59 60 
Jogo 122:  05 06 12 14 18 20 23 30 32 34 44 48 51 54 56 
Jogo 123:  04 09 14 16 18 23 24 27 31 43 44 47 52 56 57 
Jogo 124:  02 05 07 08 12 16 17 30 35 39 46 49 50 52 58 
Jogo 125:  03 04 09 13 14 16 29 30 31 32 44 47 52 53 54 
Jogo 126:  04 05 11 13 14 16 26 28 35 38 40 45 49 52 59 
Jogo 127:  02 03 09 14 18 23 26 27 33 34 39 47 49 50 60 
Jogo 128:  03 04 10 14 16 19 20 27 37 41 44 46 48 58 60 
Jogo 129:  02 03 07 08 10 15 26 30 35 41 48 53 55 57 59 
Jogo 130:  11 12 14 16 17 23 27 28 35 38 41 43 47 58 59 
Jogo 131:  09 10 18 22 24 25 29 30 35 36 38 46 49 50 52 
Jogo 132:  03 06 07 11 18 21 24 25 37 43 45 48 52 53 57 
Jogo 133:  03 04 05 08 09 25 26 27 32 47 49 51 55 58 60 
Jogo 134:  03 09 12 16 21 26 27 30 31 39 42 44 52 55 56 
Jogo 135:  05 06 12 16 21 22 23 30 34 37 40 41 52 55 60 
Jogo 136:  04 05 16 17 21 22 25 29 31 32 38 50 53 57 60 
Jogo 137:  07 10 12 16 17 20 27 28 31 32 33 36 38 49 54 
Jogo 138:  02 03 05 06 08 09 24 28 32 38 39 40 41 51 56 
Jogo 139:  03 05 06 07 08 10 14 20 34 44 45 48 54 55 57 
Jogo 140:  09 10 15 16 22 24 25 26 34 37 42 43 45 53 54 
Jogo 141:  04 06 08 13 15 20 24 30 32 34 36 37 53 54 58 
Jogo 142:  02 04 20 23 24 25 26 29 33 36 37 40 41 50 51 
Jogo 143:  09 10 12 18 19 20 25 26 32 33 39 40 49 55 59 
Jogo 144:  03 04 06 14 15 19 22 24 35 39 40 43 44 50 57 
Jogo 145:  06 08 09 18 21 24 25 28 38 40 41 47 49 50 56 
Jogo 146:  05 06 16 19 21 23 24 30 41 43 44 52 54 56 57 
Jogo 147:  04 08 13 14 19 25 28 30 39 41 42 43 49 57 59 
Jogo 148:  05 07 14 15 22 27 28 30 32 42 43 48 50 52 57 
Jogo 149:  05 11 13 20 21 24 25 26 31 32 35 43 49 53 57 
Jogo 150:  04 12 14 20 23 24 26 27 33 38 39 41 45 54 56 
Jogo 151:  02 05 08 23 24 28 29 30 32 33 40 46 49 56 60 
Jogo 152:  02 03 06 12 16 20 22 29 39 45 50 54 56 58 60 
Jogo 153:  02 04 08 14 16 18 20 29 32 33 36 41 47 54 56 
Jogo 154:  02 05 06 13 16 17 26 27 31 40 43 44 47 55 59 
Jogo 155:  04 06 14 16 17 24 26 30 31 33 34 52 53 56 58 
Jogo 156:  04 05 14 18 20 24 26 29 33 36 37 40 42 45 48 
Jogo 157:  02 04 06 07 08 23 24 28 39 40 46 49 50 53 56 
Jogo 158:  06 10 23 24 25 26 28 30 32 34 42 43 51 55 60 
Jogo 159:  02 05 08 13 14 21 22 25 31 36 40 48 51 52 57 
Jogo 160:  01 04 06 16 18 22 27 30 34 39 40 51 55 57 59 
Jogo 161:  01 06 12 19 23 24 25 29 33 42 45 48 55 58 59 
Jogo 162:  05 09 13 16 21 25 27 30 31 41 44 46 47 52 54 
Jogo 163:  02 08 09 11 12 16 24 28 38 47 49 52 53 55 58 
Jogo 164:  01 05 07 08 12 24 26 29 33 39 42 44 49 50 55 
Jogo 165:  03 07 12 17 18 22 25 29 38 39 40 42 44 46 47 
Jogo 166:  07 10 13 15 17 20 27 28 34 35 38 40 42 43 45 
Jogo 167:  03 04 05 07 14 16 19 21 32 34 51 53 55 57 60 
Jogo 168:  04 13 16 18 19 20 21 28 33 51 53 54 55 57 60 
Jogo 169:  13 14 16 18 22 23 29 30 41 42 43 44 45 57 58 
Jogo 170:  01 12 15 16 20 22 24 28 37 38 41 43 48 53 58 
Jogo 171:  01 03 08 09 13 15 17 23 31 36 41 46 47 51 55 
Jogo 172:  06 07 12 16 22 23 28 29 33 40 43 46 53 54 58 
Jogo 173:  01 02 03 04 16 20 21 28 31 39 40 42 49 54 56 
Jogo 174:  10 18 20 22 24 26 28 29 33 46 47 49 53 55 57 
Jogo 175:  04 08 14 15 20 24 29 30 39 41 49 51 55 57 58 
Jogo 176:  03 04 06 10 11 20 27 29 34 40 42 43 49 51 53 
Jogo 177:  02 03 05 07 12 21 26 28 40 42 46 49 53 54 56 
Jogo 178:  01 03 07 08 16 23 29 30 33 40 41 46 51 55 58 
Jogo 179:  11 19 21 22 24 27 28 30 31 35 37 40 43 50 55 
Jogo 180:  02 03 07 10 11 23 26 29 31 35 38 44 50 55 57 
Jogo 181:  02 03 05 12 14 22 26 29 32 40 42 50 57 59 60 
Jogo 182:  01 06 15 20 22 24 25 29 31 34 37 40 48 49 60 
Jogo 183:  01 04 14 16 17 22 28 29 32 34 35 38 47 48 60 
Jogo 184:  02 06 07 11 17 18 19 21 32 39 44 47 49 52 56 
Jogo 185:  01 04 08 09 10 17 18 22 32 35 39 44 51 58 60 
Jogo 186:  03 09 14 17 21 22 28 29 40 45 46 47 49 55 57 
Jogo 187:  01 02 03 07 14 19 20 22 31 36 37 42 48 55 57 
Jogo 188:  04 05 08 14 16 17 27 30 31 33 44 48 50 51 53 
Jogo 189:  05 08 11 14 17 20 26 29 31 36 41 42 43 51 59 
Jogo 190:  04 08 15 19 20 22 27 30 34 43 44 46 49 50 58 
Jogo 191:  15 16 19 20 21 24 25 26 35 36 39 43 47 50 51 
Jogo 192:  05 08 12 17 20 23 27 29 31 33 35 46 47 56 59 
Jogo 193:  07 15 16 20 21 24 26 28 36 39 45 54 56 58 60 
Jogo 194:  05 06 12 14 17 18 23 27 31 32 42 46 50 58 59 
Jogo 195:  01 05 17 18 22 23 26 29 42 44 45 53 54 59 60 
Jogo 196:  04 09 10 15 18 19 29 30 34 35 36 49 58 59 60 
Jogo 197:  06 17 18 21 22 23 24 27 31 35 39 41 47 50 60 
Jogo 198:  03 08 13 14 15 16 18 22 32 35 40 44 48 51 53 
Jogo 199:  01 05 09 16 23 26 27 30 31 37 43 46 48 53 58 
Jogo 200:  05 06 07 08 09 21 22 23 36 48 51 53 54 55 56 
Jogo 201:  01 02 04 05 12 18 19 21 32 40 46 50 53 55 59 
Jogo 202:  01 07 09 11 14 15 22 29 33 37 40 42 55 56 59 
Jogo 203:  02 04 06 07 12 17 18 28 38 48 49 52 56 58 59 
Jogo 204:  04 07 11 13 22 25 26 27 34 36 44 48 54 56 60 
Jogo 205:  02 05 07 12 13 17 20 21 35 42 48 49 50 55 60 
Jogo 206:  03 10 14 17 21 22 25 29 35 42 45 46 50 51 60 
Jogo 207:  04 05 15 17 23 27 28 30 43 46 47 50 51 59 60 
Jogo 208:  10 11 13 14 15 19 21 29 31 32 33 40 43 48 50 
Jogo 209:  02 10 17 21 24 25 27 28 31 33 36 37 38 42 46 
Jogo 210:  06 08 12 16 17 22 27 29 37 40 51 52 53 56 58 
Jogo 211:  02 04 15 18 19 25 26 29 38 45 50 52 55 56 57 
Jogo 212:  06 11 12 13 17 21 26 30 32 33 37 43 44 45 53 
Jogo 213:  10 13 18 22 23 24 27 29 34 41 45 46 50 56 58 
Jogo 214:  01 02 05 16 21 24 26 28 33 37 46 47 49 54 55 
Jogo 215:  06 12 15 19 26 27 28 30 35 40 45 46 51 52 54 
Jogo 216:  04 10 15 16 18 21 23 25 36 38 40 43 48 51 59 
Jogo 217:  02 05 06 10 12 17 21 26 31 32 39 42 47 49 58 
Jogo 218:  01 06 11 16 17 19 23 26 35 37 41 50 56 59 60 
Jogo 219:  02 03 05 07 09 22 25 29 37 38 40 44 48 52 56 
Jogo 220:  04 05 06 13 18 21 24 29 33 35 42 43 46 54 55 
Jogo 221:  10 11 15 16 20 22 23 27 32 36 37 41 42 46 60 
Jogo 222:  06 11 17 19 22 26 29 30 32 34 35 36 40 52 56 
Jogo 223:  01 03 07 11 12 20 22 30 32 38 39 42 46 53 58 
Jogo 224:  02 07 08 17 18 24 25 28 34 35 37 49 55 58 60 
Jogo 225:  03 12 13 14 17 18 21 25 31 32 36 38 48 50 57 
Jogo 226:  04 08 10 11 13 16 20 30 31 36 39 51 52 53 59 
Jogo 227:  03 07 21 22 23 25 27 29 35 38 39 41 47 48 58 
Jogo 228:  03 09 10 16 19 21 26 30 34 45 47 48 52 55 57 
Jogo 229:  01 08 13 17 18 20 23 26 47 48 51 55 57 59 60 
Jogo 230:  05 09 10 16 24 25 26 27 35 46 48 52 53 54 57 
Jogo 231:  04 05 08 13 15 24 26 30 37 38 43 45 47 52 58 
Jogo 232:  02 03 06 12 16 18 20 22 37 40 45 46 53 55 59 
Jogo 233:  01 06 10 13 18 24 25 27 32 34 40 47 49 51 55 
Jogo 234:  01 02 12 14 15 23 25 29 31 36 41 42 43 49 58 
Jogo 235:  08 09 11 12 14 18 20 29 38 41 44 47 48 57 58 
Jogo 236:  01 02 05 08 09 15 26 28 32 39 40 47 48 54 56 
Jogo 237:  13 16 17 24 25 26 27 30 31 32 33 34 39 45 57 
Jogo 238:  08 11 12 17 22 25 26 28 37 41 44 48 51 53 60 
Jogo 239:  01 06 07 15 22 24 29 30 32 35 40 44 49 52 54 
Jogo 240:  01 04 14 17 23 26 28 30 35 39 40 44 45 48 50 
Jogo 241:  01 03 04 07 15 17 19 24 31 36 37 42 46 52 59 
Jogo 242:  01 02 08 10 19 21 23 26 33 43 46 51 52 57 60 
Jogo 243:  02 03 16 18 19 22 24 30 39 41 46 52 53 58 60 
Jogo 244:  01 02 08 09 10 20 21 24 31 34 35 42 45 54 60 
Jogo 245:  02 06 11 12 21 25 27 29 31 34 42 46 52 54 57 
Jogo 246:  01 05 06 08 10 12 14 27 35 41 50 56 57 58 60 
Jogo 247:  05 13 14 16 18 21 23 27 35 36 43 44 54 56 57 
Jogo 248:  05 06 07 08 19 21 24 26 39 46 48 49 54 57 60 
Jogo 249:  01 03 06 16 19 21 24 29 32 33 34 44 51 53 56 
Jogo 250:  05 06 07 09 10 14 19 26 31 34 35 36 46 56 57 
Jogo 251:  03 07 15 17 18 21 24 28 32 41 43 50 52 56 59 
Jogo 252:  02 03 10 17 20 25 26 28 32 35 38 46 54 58 60 
Jogo 253:  03 05 06 07 08 10 15 17 34 36 38 42 49 52 53 
Jogo 254:  01 02 05 09 18 22 23 28 33 39 44 46 50 53 57 
Jogo 255:  06 12 17 22 23 26 28 30 37 42 43 47 50 53 57 
Jogo 256:  12 15 17 18 19 21 22 24 31 35 44 50 54 56 60 
Jogo 257:  05 06 12 17 18 22 25 30 40 41 46 48 53 55 58 
Jogo 258:  01 06 12 14 15 18 22 23 39 42 45 46 50 53 55 
Jogo 259:  08 12 17 21 22 25 26 29 34 35 39 46 48 50 60 
Jogo 260:  01 06 11 19 20 24 26 30 37 38 41 44 47 50 56 
Jogo 261:  05 10 14 15 17 18 22 24 36 42 44 47 51 52 56 
Jogo 262:  01 07 09 13 14 15 28 29 34 36 38 47 52 54 60 
Jogo 263:  03 04 05 12 21 23 25 28 36 37 40 54 55 57 59 
Jogo 264:  04 09 10 12 22 25 26 27 33 36 37 41 44 47 48 
Jogo 265:  04 05 07 11 12 14 19 27 32 33 36 51 54 55 56 
Jogo 266:  04 07 10 13 16 17 24 30 36 38 43 46 54 56 57 
Jogo 267:  05 07 16 18 22 26 28 29 34 40 48 52 56 57 60 
Jogo 268:  03 07 08 13 15 17 26 29 31 43 46 47 58 59 60 
Jogo 269:  06 08 10 16 19 21 28 30 33 38 39 42 48 55 56 
Jogo 270:  06 08 11 12 18 19 20 29 31 35 38 44 47 49 58 
Jogo 271:  06 08 09 21 22 26 28 30 31 35 40 44 45 53 54 
Jogo 272:  02 07 12 17 18 21 23 25 39 46 49 54 55 57 59 
Jogo 273:  07 12 16 17 18 21 23 24 37 43 45 46 51 53 58 
Jogo 274:  04 07 11 13 20 22 23 28 33 34 37 41 42 43 59 
Jogo 275:  01 11 14 15 19 20 22 29 32 33 36 39 44 55 56 
Jogo 276:  02 03 06 09 12 22 25 27 32 36 39 41 48 54 55 
Jogo 277:  02 06 07 09 17 20 26 30 31 39 41 43 52 54 56 
Jogo 278:  01 02 04 05 13 22 26 29 35 38 40 47 51 52 55 
Jogo 279:  02 05 06 07 10 21 23 27 36 37 40 43 44 46 57 
Jogo 280:  03 05 09 12 17 22 29 30 33 37 40 41 43 53 59 
Jogo 281:  01 08 12 13 15 19 27 30 35 37 38 44 49 53 57 
Jogo 282:  12 14 15 18 25 27 29 30 35 37 42 43 48 52 58 
Jogo 283:  03 04 06 11 13 20 25 30 38 39 46 48 49 52 60 
Jogo 284:  04 05 09 10 13 20 26 27 34 35 40 46 50 52 55 
Jogo 285:  03 07 09 10 13 15 18 28 32 35 38 45 47 48 51 
Jogo 286:  01 03 06 08 10 12 13 25 31 32 33 35 42 46 50 
Jogo 287:  01 05 07 15 23 27 29 30 32 41 42 43 47 49 51 
Jogo 288:  03 08 13 16 22 25 26 29 35 36 43 50 51 53 58 
Jogo 289:  10 11 12 18 21 24 25 26 37 44 48 49 57 58 60 
Jogo 290:  07 16 20 21 25 27 28 30 33 39 40 41 48 54 59 
Jogo 291:  06 09 11 17 19 22 23 29 32 39 43 44 54 58 59 
Jogo 292:  02 08 11 17 19 25 27 29 32 33 34 41 51 56 57 
Jogo 293:  01 04 12 13 14 21 26 29 35 38 40 47 48 49 59 
Jogo 294:  04 10 16 20 21 23 27 30 31 32 41 43 45 47 57 
Jogo 295:  07 09 12 15 18 19 27 29 34 36 37 43 44 45 49 
Jogo 296:  01 07 10 11 12 13 18 23 38 39 47 51 53 54 60 
Jogo 297:  03 05 11 15 26 27 28 29 35 38 41 46 47 48 58 
Jogo 298:  02 07 15 21 22 23 24 30 33 43 53 54 55 59 60 
Jogo 299:  05 08 14 19 21 24 25 28 33 37 40 47 53 56 60 
Jogo 300:  03 07 09 10 14 17 27 29 31 34 46 50 54 55 56 
Jogo 301:  14 15 16 17 18 20 21 23 31 32 34 44 45 54 59 
Jogo 302:  06 07 09 11 13 16 20 26 41 42 43 46 48 51 58 
Jogo 303:  01 03 10 16 17 18 22 29 32 33 35 36 45 47 60 
Jogo 304:  06 09 14 15 19 21 22 29 32 37 41 44 47 55 56 
Jogo 305:  04 05 08 11 16 19 23 30 34 35 47 49 52 53 55 
Jogo 306:  03 09 10 11 16 25 27 29 34 38 40 43 44 50 53 
Jogo 307:  04 06 07 08 15 19 21 23 33 35 36 43 50 52 59 
Jogo 308:  06 11 13 21 22 23 27 29 35 36 38 45 46 54 59 
Jogo 309:  02 04 08 14 15 16 19 25 32 34 40 42 52 54 60 
Jogo 310:  01 11 12 14 15 21 23 24 43 53 54 56 57 58 60 
Jogo 311:  08 16 18 20 23 25 28 29 32 37 41 42 43 49 54 
Jogo 312:  07 09 10 13 21 23 28 29 37 41 43 49 51 54 56 
Jogo 313:  02 03 05 08 10 14 22 25 36 39 46 47 53 56 58 
Jogo 314:  04 05 12 17 20 21 26 30 34 36 43 45 47 48 51 
Jogo 315:  03 05 13 24 25 26 27 29 35 42 45 49 52 53 59 
Jogo 316:  01 02 05 10 14 16 17 23 37 38 39 40 41 44 49 
Jogo 317:  01 06 08 10 14 15 19 27 35 42 48 51 52 58 60 
Jogo 318:  02 03 04 08 10 11 13 29 32 39 40 42 44 55 56 
Jogo 319:  03 12 13 16 18 19 21 30 32 44 46 48 52 57 59 
Jogo 320:  01 03 04 07 11 20 21 22 31 36 39 42 50 51 60 
Jogo 321:  03 05 07 12 13 15 29 30 33 36 40 42 47 50 59 
Jogo 322:  09 10 11 16 20 21 22 24 33 36 43 46 47 51 53 
Jogo 323:  06 07 14 16 22 27 28 29 31 34 42 44 46 47 54 
Jogo 324:  01 09 11 17 19 23 25 26 36 37 41 46 50 53 57 
Jogo 325:  09 11 12 16 18 24 28 29 40 43 46 52 55 56 59 
Jogo 326:  01 02 08 10 17 21 27 29 32 33 37 41 48 55 59 
Jogo 327:  02 08 11 14 17 18 29 30 35 40 41 50 55 57 59 
Jogo 328:  03 04 11 13 18 20 22 29 34 40 48 49 54 56 59 
Jogo 329:  08 09 11 16 18 19 20 27 32 33 39 44 45 46 57 
Jogo 330:  01 02 05 08 11 18 26 27 36 46 49 52 53 57 58 
Jogo 331:  01 02 05 06 07 13 15 17 36 40 51 52 56 57 60 
Jogo 332:  05 06 10 14 22 23 24 27 31 33 34 47 53 56 59 
Jogo 333:  02 04 08 16 19 22 27 29 31 32 41 43 50 56 60 
Jogo 334:  04 05 06 08 10 15 20 24 34 36 37 39 45 50 54 
Jogo 335:  03 08 12 18 19 22 26 28 31 43 45 47 49 57 60 
Jogo 336:  03 05 07 09 13 18 29 30 36 39 40 43 46 49 58 
Jogo 337:  03 04 06 13 15 20 22 23 31 32 36 37 47 49 55 
Jogo 338:  01 05 11 12 16 21 26 29 33 42 49 50 52 55 57 
Jogo 339:  06 14 15 16 17 18 23 30 31 35 41 44 47 54 57 
Jogo 340:  01 06 08 09 14 17 25 27 38 40 41 43 48 49 54 
Jogo 341:  08 09 10 13 14 18 22 28 38 45 47 48 53 58 59 
Jogo 342:  03 12 14 15 20 24 26 28 31 32 40 45 48 51 57 
Jogo 343:  06 10 11 12 16 21 24 28 31 42 45 48 51 57 59 
Jogo 344:  06 10 17 19 21 26 27 29 33 37 39 44 47 55 59 
Jogo 345:  04 06 11 16 18 20 27 30 32 34 37 43 47 48 60 
Jogo 346:  01 02 09 12 22 23 27 29 33 34 39 47 49 50 51 
Jogo 347:  02 07 09 10 17 18 25 28 31 33 42 47 53 58 59 
Jogo 348:  05 12 15 16 19 23 26 28 33 39 42 49 53 57 60 
Jogo 349:  02 03 10 11 16 22 23 28 34 39 40 48 56 58 59 
Jogo 350:  01 02 07 11 16 20 21 30 43 45 46 50 52 54 56 
Jogo 351:  01 06 09 16 19 22 26 27 32 34 47 49 50 57 60 
Jogo 352:  10 13 15 18 19 24 28 29 36 45 46 50 52 57 60 
Jogo 353:  01 12 13 14 15 17 20 30 33 39 41 50 51 54 57 
Jogo 354:  02 05 09 12 18 20 23 26 32 33 37 39 41 42 48 
Jogo 355:  01 04 08 11 13 21 23 24 32 33 35 36 42 56 58 
Jogo 356:  02 07 08 12 13 18 25 26 39 41 44 48 52 53 54 
Jogo 357:  06 07 10 13 14 15 20 23 32 39 42 43 44 50 60 
Jogo 358:  03 07 11 13 14 16 26 28 32 33 38 42 43 45 53 
Jogo 359:  01 05 09 14 19 20 21 25 32 35 36 39 41 46 48 
Jogo 360:  08 09 12 18 22 24 28 30 33 36 44 50 54 55 56 
Jogo 361:  06 08 09 15 22 23 26 28 31 32 45 48 50 53 59 
Jogo 362:  04 09 10 15 20 22 24 26 31 43 46 51 52 54 60 
Jogo 363:  07 08 10 11 13 22 28 30 35 37 43 47 51 54 55 
Jogo 364:  05 11 12 18 19 20 24 29 33 37 44 47 50 54 58 
Jogo 365:  03 04 07 08 12 15 19 27 32 38 41 47 51 56 59 
Jogo 366:  05 08 09 10 12 15 18 23 34 40 41 42 48 49 56 
Jogo 367:  06 08 09 10 13 19 21 24 32 35 36 40 41 46 60 
Jogo 368:  04 05 06 07 16 19 20 24 38 42 44 48 50 52 57 
Jogo 369:  02 03 06 12 18 22 27 29 31 36 42 44 47 48 54 
Jogo 370:  03 07 13 14 16 19 24 25 32 33 35 43 44 57 59 
Jogo 371:  01 04 07 19 22 27 29 30 43 45 48 50 54 55 60 
Jogo 372:  07 10 11 12 14 20 21 24 35 38 43 48 50 58 60 
Jogo 373:  01 03 08 09 10 16 22 28 32 41 42 48 49 50 55 
Jogo 374:  01 05 06 08 09 19 21 28 33 35 39 41 43 54 56 
Jogo 375:  01 07 08 10 22 26 27 28 31 40 41 42 50 51 57 
Jogo 376:  03 07 10 13 14 23 25 29 32 39 45 48 53 57 60 
Jogo 377:  03 07 08 10 17 19 21 30 31 42 48 50 55 57 59 
Jogo 378:  02 04 10 14 22 24 28 30 37 38 40 46 52 53 56 
Jogo 379:  05 12 13 14 20 24 27 30 32 33 34 39 41 43 51 
Jogo 380:  01 05 08 10 15 22 24 27 39 41 42 46 48 55 57 
Jogo 381:  03 11 17 18 20 21 23 24 33 42 48 50 53 55 58 
Jogo 382:  13 14 16 21 22 24 26 30 37 38 43 49 50 57 60 
Jogo 383:  04 07 09 13 15 22 26 27 31 33 36 48 50 57 60 
Jogo 384:  06 07 08 10 24 27 28 29 36 42 47 48 49 51 59 
Jogo 385:  02 07 10 16 17 19 22 24 31 32 34 37 38 48 52 
Jogo 386:  02 03 04 07 11 24 25 27 36 39 48 49 54 57 59 
Jogo 387:  10 12 16 18 24 27 28 29 31 39 42 44 46 58 60 
Jogo 388:  12 15 16 18 24 26 28 29 34 35 39 43 44 49 55 
Jogo 389:  04 06 20 22 24 25 26 27 33 37 40 43 45 47 55 
Jogo 390:  05 11 15 17 18 25 26 28 34 35 47 50 51 55 59 
Jogo 391:  07 10 13 19 25 26 27 29 37 40 48 52 55 58 59 
Jogo 392:  06 08 10 18 19 24 25 29 33 34 38 40 50 55 59 
Jogo 393:  04 07 11 14 16 28 29 30 35 45 46 51 54 57 60 
Jogo 394:  07 08 10 15 16 18 19 25 31 32 33 43 53 55 56 
Jogo 395:  10 15 21 23 26 28 29 30 35 38 39 40 45 59 60 
Jogo 396:  02 07 13 15 18 20 26 27 33 36 37 46 49 51 60 
Jogo 397:  06 09 11 12 16 21 23 29 31 33 39 45 53 55 56 
Jogo 398:  01 03 04 05 09 18 20 23 31 39 44 45 53 58 60 
Jogo 399:  02 11 12 18 20 23 24 29 32 33 34 40 41 44 57 
Jogo 400:  04 07 09 10 16 20 21 23 35 38 41 43 44 50 57 
Jogo 401:  02 04 08 12 15 18 24 27 44 45 47 50 53 55 58 
Jogo 402:  01 03 04 14 16 17 22 25 37 42 43 46 47 50 60 
Jogo 403:  09 10 13 14 22 26 27 30 35 36 37 42 48 56 59 
Jogo 404:  01 04 17 18 21 26 29 30 31 41 43 48 52 54 58 
Jogo 405:  04 06 11 12 13 16 18 27 32 34 41 43 47 52 58 
Jogo 406:  04 06 10 15 16 20 27 30 31 35 38 44 54 58 60 
Jogo 407:  04 05 08 12 17 21 26 27 32 42 46 51 56 58 60 
Jogo 408:  01 05 08 09 17 18 21 23 34 35 38 40 45 51 59 
Jogo 409:  04 05 10 16 18 22 27 28 31 37 38 42 50 52 56 
Jogo 410:  04 06 07 08 09 13 14 30 38 39 44 47 50 59 60 
Jogo 411:  08 11 19 20 23 26 29 30 33 48 51 52 56 57 58 
Jogo 412:  08 09 14 18 24 27 28 30 31 34 39 40 47 48 49 
Jogo 413:  02 05 06 07 18 22 27 28 31 32 33 43 47 54 57 
Jogo 414:  01 02 09 13 17 23 27 28 33 35 38 39 49 53 60 
Jogo 415:  08 10 12 16 17 25 26 29 38 40 43 44 47 48 60 
Jogo 416:  11 12 15 22 25 28 29 30 33 40 42 45 46 47 57 
Jogo 417:  04 07 08 11 14 16 22 26 31 32 33 34 41 44 55 
Jogo 418:  07 13 14 15 21 24 25 26 34 36 42 46 53 58 59 
Jogo 419:  01 03 07 15 16 20 23 24 31 33 39 45 49 50 54 
Jogo 420:  02 03 06 08 13 23 24 28 31 39 48 55 58 59 60 
Jogo 421:  07 14 18 21 23 26 28 29 34 35 41 47 53 58 59 
Jogo 422:  07 10 11 13 25 26 27 28 32 35 37 42 48 51 59 
Jogo 423:  03 12 15 17 21 23 29 30 33 34 35 38 47 50 57 
Jogo 424:  03 08 16 18 20 21 23 26 31 34 38 40 50 51 58 
Jogo 425:  02 06 07 09 14 16 21 24 32 37 47 48 54 55 58 
Jogo 426:  10 11 12 14 22 25 26 30 37 40 41 48 49 58 60 
Jogo 427:  01 04 05 11 13 22 25 28 32 38 45 47 51 54 55 
Jogo 428:  02 05 12 16 17 22 24 27 33 40 44 49 52 55 60 
Jogo 429:  01 02 03 09 13 14 17 25 33 44 46 47 48 54 60 
Jogo 430:  01 05 11 16 17 24 25 26 35 36 37 48 54 58 59 
Jogo 431:  03 06 09 11 13 16 25 29 37 39 41 43 48 54 60 
Jogo 432:  02 11 13 14 15 20 24 28 31 36 38 44 46 55 60 
Jogo 433:  03 04 06 11 13 20 29 30 35 37 43 46 47 49 52 
Jogo 434:  03 08 11 17 18 22 23 26 37 40 41 42 45 52 56 
Jogo 435:  04 09 12 18 19 20 22 26 35 39 42 51 52 54 58 
Jogo 436:  03 09 11 17 19 25 27 29 31 35 38 44 45 46 50 
Jogo 437:  02 09 11 13 15 25 28 29 31 38 39 45 46 55 57 
Jogo 438:  06 10 18 19 22 24 28 29 32 37 39 43 44 49 60 
Jogo 439:  04 06 11 12 18 19 22 25 34 37 40 45 48 57 59 
Jogo 440:  03 05 07 08 12 18 20 22 34 35 40 49 51 52 60 
Jogo 441:  01 02 13 14 21 27 28 30 31 32 33 36 41 43 58 
Jogo 442:  04 06 09 14 15 17 23 27 34 39 41 48 57 58 60 
Jogo 443:  03 08 10 11 15 18 19 28 33 34 37 41 42 43 46 
Jogo 444:  01 03 05 07 16 19 22 23 32 34 38 42 43 50 52 
Jogo 445:  06 07 08 13 17 19 20 23 31 36 41 46 51 56 58 
Jogo 446:  05 06 09 12 20 21 26 28 38 40 42 44 54 55 57 
Jogo 447:  02 03 05 07 09 18 26 28 31 32 35 50 52 53 57 
Jogo 448:  09 10 15 16 23 25 28 30 35 36 42 44 51 54 57 
Jogo 449:  04 05 06 08 10 12 20 25 37 38 39 52 57 58 60 
Jogo 450:  05 06 14 18 21 24 25 26 32 39 46 48 49 52 58 
Jogo 451:  01 06 11 13 19 24 25 26 31 44 48 52 53 54 57 
Jogo 452:  05 06 09 11 12 13 15 16 32 36 52 54 56 58 59 
Jogo 453:  01 06 10 11 14 19 28 29 32 33 40 42 43 50 59 
Jogo 454:  02 04 08 18 19 21 22 27 32 37 38 42 47 50 60 
Jogo 455:  09 15 16 17 18 21 24 30 40 45 49 51 54 56 58 
Jogo 456:  02 03 07 10 13 17 20 29 31 38 39 42 47 52 54 
Jogo 457:  01 02 09 12 13 18 22 28 37 42 45 49 52 54 57 
Jogo 458:  05 08 09 13 15 23 25 28 32 42 43 46 47 48 53 
Jogo 459:  02 04 07 15 20 25 28 29 32 36 43 44 46 55 60 
Jogo 460:  06 07 16 17 20 22 24 29 31 35 40 44 51 52 59 
Jogo 461:  03 07 12 13 15 18 19 23 31 42 44 46 50 53 56 
Jogo 462:  01 03 15 18 22 26 29 30 36 38 45 52 53 56 60 
Jogo 463:  06 09 12 13 16 24 25 27 35 37 40 43 45 57 60 
Jogo 464:  05 06 13 15 18 19 22 23 35 36 38 41 49 54 58 
Jogo 465:  01 04 10 12 17 19 22 27 32 34 38 39 42 45 49 
Jogo 466:  03 05 06 09 19 22 23 24 34 42 46 53 58 59 60 
Jogo 467:  03 10 11 20 24 26 27 30 36 38 39 43 47 50 59 
Jogo 468:  01 06 09 10 12 13 16 22 36 39 40 43 45 49 53 
Jogo 469:  02 04 12 13 14 15 20 22 33 40 46 47 54 55 56 
Jogo 470:  04 08 09 11 14 18 26 30 36 37 38 40 46 49 50 
Jogo 471:  01 09 10 12 14 19 23 24 41 45 48 51 52 54 55 
Jogo 472:  05 09 14 15 16 20 21 27 34 37 38 44 45 46 57 
Jogo 473:  08 11 16 17 22 25 27 30 35 41 42 46 50 52 54 
Jogo 474:  02 03 05 08 17 18 21 26 33 38 40 50 57 58 60 
Jogo 475:  05 14 15 23 24 25 27 30 34 35 37 39 41 54 60 
Jogo 476:  01 02 05 12 14 15 23 26 31 44 46 48 49 58 60 
Jogo 477:  01 07 10 18 20 21 22 25 36 38 45 48 50 51 57 
Jogo 478:  02 04 11 21 22 24 25 30 32 35 37 50 51 53 59 
Jogo 479:  02 03 05 07 13 23 25 27 32 36 41 43 46 51 52 
Jogo 480:  04 08 09 13 18 22 29 30 38 47 50 54 55 59 60 
Jogo 481:  03 08 10 13 14 18 25 26 32 37 41 44 46 51 57 
Jogo 482:  02 05 09 10 11 12 21 29 32 35 36 39 40 49 55 
Jogo 483:  02 07 09 10 11 18 28 30 34 39 40 44 47 53 60 
Jogo 484:  05 07 09 12 19 23 24 30 32 36 39 43 51 57 58 
Jogo 485:  12 14 17 18 22 23 26 29 32 38 42 48 52 58 60 
Jogo 486:  07 17 19 21 22 24 25 26 38 42 45 47 53 58 60 
Jogo 487:  02 06 08 09 14 16 27 29 37 38 39 42 51 55 57 
Jogo 488:  01 04 08 12 13 20 22 30 45 49 50 51 57 58 60 
Jogo 489:  01 02 03 13 18 25 28 30 33 37 38 45 50 52 57 
Jogo 490:  04 05 09 11 12 15 19 25 40 41 43 55 58 59 60 
Jogo 491:  01 09 14 15 16 27 28 29 31 35 43 47 49 55 60 
Jogo 492:  11 15 17 19 20 21 23 26 32 33 40 46 48 58 59 
Jogo 493:  01 03 04 09 17 19 24 25 40 43 51 52 54 55 56 
Jogo 494:  06 09 12 13 15 19 22 24 32 49 50 51 54 57 59 
Jogo 495:  01 06 09 15 16 20 24 26 31 35 50 52 54 56 58 
Jogo 496:  05 06 10 11 12 13 19 21 31 35 40 43 51 54 58 
Jogo 497:  06 09 11 19 21 22 25 26 31 32 42 44 46 57 59 
Jogo 498:  04 09 10 13 14 15 25 28 36 40 43 46 52 57 60 
Jogo 499:  03 12 13 14 16 28 29 30 42 47 50 52 54 56 59 
