01 02 17 32 43 56
01 06 23 37 57 60
01 07 24 33 45 56
01 19 26 46 47 49
01 21 30 39 47 48
02 04 09 31 38 39
02 04 12 33 45 60
02 10 15 44 52 56
02 10 23 36 51 59
02 10 27 31 36 60
02 12 19 31 39 57
02 13 22 41 47 51
02 13 28 34 46 48
02 15 17 42 44 54
02 16 26 40 56 60
02 17 21 54 56 60
02 21 23 31 38 55
03 04 11 48 54 55
03 06 25 38 46 60
03 13 28 31 33 54
04 05 25 34 42 54
04 06 13 35 43 60
04 10 24 42 50 58
04 17 24 48 56 59
04 17 29 39 49 52
04 21 28 34 38 41
04 24 28 39 48 49
05 07 09 38 45 58
05 08 24 32 33 44
05 08 24 39 40 58
05 13 28 39 50 54
05 14 25 32 43 46
05 20 28 34 51 56
05 27 29 31 42 59
05 27 29 40 45 52
06 08 18 35 36 38
06 08 22 33 35 57
06 16 28 35 41 44
06 20 28 32 39 58
06 25 28 31 44 60
07 09 24 40 51 59
07 09 26 42 56 60
07 11 23 34 50 57
07 13 25 37 41 42
07 16 21 41 48 52
07 22 29 44 45 49
07 22 30 37 58 60
08 13 29 38 41 42
08 15 17 37 55 59
08 18 24 41 47 59
08 22 24 36 46 49
08 23 27 37 38 43
08 23 28 35 40 54
09 11 23 38 43 52
09 11 25 46 52 53
09 13 21 34 42 57
09 15 21 43 51 57
09 17 28 33 40 45
10 13 19 40 45 46
10 16 25 31 46 58
10 18 21 40 44 59
10 19 20 32 44 49
10 19 24 39 51 56
10 19 28 36 45 47
10 20 21 34 39 44
10 20 26 33 51 56
10 23 27 36 54 56
11 14 16 38 48 60
11 15 18 44 48 50
11 16 17 33 48 58
11 18 29 33 38 41
11 20 27 37 41 45
11 20 29 43 53 59
11 21 25 35 49 54
11 24 29 48 50 55
12 13 26 37 40 58
12 13 30 43 51 57
12 15 25 41 45 60
12 19 29 45 46 51
12 20 29 35 44 59
12 22 28 42 44 49
13 17 20 32 35 53
13 18 22 32 39 44
13 19 20 37 39 49
13 23 29 39 44 46
14 16 18 33 42 53
15 21 22 41 51 57
16 17 28 48 53 59
16 18 29 32 43 48
16 27 30 40 45 51
17 21 24 33 46 47
18 22 27 38 46 48
19 20 21 36 46 55
19 25 28 36 55 60
20 27 30 51 52 58
21 23 28 39 42 58
22 23 29 40 47 48
24 27 29 39 41 43
25 26 29 37 53 55
25 29 30 36 43 56
